TrapID	x	y		LeopardRAI	SpHyRAI	HumanRAI
Athct1	477988.0824	7282902.578	/	0.680272109	0	6.12244898
Athct3	481116.2406	7285735.016	/	0	0	3.401360544
Athct4	479415.4387	7286621.715	/	0	0	3.401360544
Athct5	477594.9644	7286831.502	/	0	0	3.472222222
Athct6	472521.7659	7286119.359	/	0.680272109	0	4.761904762
Athct7	471443.2023	7284080.996	/	0	0	14.96598639
Athct8	469744.1539	7287702.498	/	0	0	5.442176871
Athct9	471703.7874	7288924.552	/	0.680272109	0	5.442176871
Athct10	474165.8678	7285980.77	/	0	0	5.442176871
Athct11	475570.3142	7287920.942	/	1.388888889	0	4.861111111
Athct12	478831.613	7288899.508	/	0.520833333	0	6.25
Athct13	480809.0207	7288194.846	/	0.680272109	0	4.761904762
Athct15	481345.4886	7290786.464	/	0	0	4.761904762
Athct16	477820.8123	7291321.647	/	0.520833333	0	3.645833333
Athct17	476392.0421	7290800.025	/	0	0	3.636363636
Athct18	473573.4891	7289664.513	/	1.388888889	0	6.25
Athct19	467865.9376	7291311.199	/	2.040816327	0	4.081632653
Athct20	470284.0854	7292463.624	/	0.740740741	0	5.925925926
Athct21	471702.0607	7291783.403	/	0	0	3.787878788
Athct22	474577.0066	7293269.27	/	0.694444444	0	2.430555556
Athct23	467696.8223	7299192.021	/	0	0	6.12244898
Athct24	473749.3435	7298551.378	/	0.606060606	0	4.242424242
Athct25	482619.4299	7283149.383	/	0.666666667	0	4
Athct26	482361.6643	7292426.46	/	0.680272109	0	17.68707483
Athct27	471066.2226	7294492.584	/	0.724637681	0	5.797101449
Athct28	470129.3	7298056.971	/	1.162790698	0	5.813953488
Athct29	467533.8058	7296034.962	/	0.680272109	0	4.761904762
Athct30	475632.6513	7294594.269	/	0.520833333	0	3.125
Athct31	478257.979	7294937.393	/	0.680272109	0	4.081632653
Athct32	479611.1715	7293405.935	/	0	0	4.761904762
Athct33	477504.4907	7297129.593	/	0	0	4.787234043
Athct34	475449.531	7296730.875	/	0.512820513	0	4.102564103
Athct35	472500.0699	7296138.581	/	0	0	6.25
Athct38	476752.2639	7284989.915	/	2.040816327	0	5.442176871
Athct39	469163.9172	7290833.581	/	2.040816327	0	4.761904762
Athct40	478782.9317	7284265.7	/	0.680272109	0	8.163265306
Dinct1	640141.1314	7193936.546	/	0	0	5.442176871
Dinct2	642308.2115	7193013.255	/	0	0	9.803921569
Dinct3	644099.441	7191786.801	/	0	0	29.41176471
Dinct4	644810.2975	7187348.373	/	0	0	12.74509804
Dinct5	643687.9114	7185397.6	/	0	0	6
Dinct6	646526.9709	7184361.072	/	0	0	12.92517007
Dinct7	641208.2093	7187549.591	/	0	0	6
Dinct8	643055.7136	7189590.328	/	0	0	7.407407407
Dinct9	646020.4374	7191883.489	/	0	0	11.11111111
Dinct10	639953.3642	7191560.333	/	0	0	10.88435374
Dinct11	639665.179	7190069.082	/	0	0	4.081632653
Dinct12	637699.6416	7191579.179	/	0	0	7.751937984
Dinct13	636560.6995	7193370.799	/	0	0	4.761904762
Dinct14	638692.6579	7196645.385	/	0	0	9
Dinct15	637449.4682	7196936.149	/	0	0	5.6
Dinct16	636909.3226	7199155.838	/	0	0	25
Dinct17	638941.1451	7199658.975	/	0	0	9.433962264
Dinct18	640407.0065	7198782.032	/	0	0	3.5
Dinct19	641959.2148	7199143.492	/	0	0	4.166666667
Dinct20	634875.3287	7199022.377	/	0	0	8.333333333
Dinct21	634272.1383	7200929.097	/	0	0	6.25
Dinct22	632527.6878	7203234.693	/	0	0	10.37735849
Dinct23	631361.6271	7202727.72	/	0	0	13.19444444
Dinct24	632752.178	7200564.221	/	0	0	12.96296296
Dinct25	634657.8586	7198416.457	/	0	0	11.11111111
Dinct26	635343.4726	7196416.942	/	0	0	6.918238994
Dinct27	632551.091	7192206.906	/	0	0	4.761904762
Dinct28	632382.3625	7190604.71	/	0	0	10.78431373
Dinct29	631968.0112	7188369.141	/	0	0	14.39393939
Dinct30	634228.9916	7187525.955	/	0	0	14.70588235
Dinct31	636640.879	7187403.031	/	0	0	10.78431373
Dinct32	636159.9835	7189676.404	/	0	0	15.71428571
Dinct33	633873.2628	7189982.948	/	0	0	0
Dinct34	635136.6399	7190958.322	/	0	0	8
Dinct35	634543.1453	7192479.538	/	0	0	16.66666667
Dinct36	637038.1594	7194897.829	/	0	0	14.28571429
Ithct1	915674.5914	6951964.887	/	3.703703704	0	17.77777778
Ithct2	915596.4015	6949341.905	/	2.222222222	0	76.66666667
Ithct3	915940.7015	6944358.766	/	0.740740741	0	10.37037037
Ithct4	915706.7272	6941733.286	/	3.333333333	0	11.11111111
Ithct5	918527.5265	6940932.606	/	3.703703704	0.740740741	12.59259259
Ithct6	920218.1655	6943039.324	/	5.357142857	0	5.357142857
Ithct7	917708.4573	6945916.724	/	4.444444444	0.740740741	13.33333333
Ithct8	918841.1294	6949242.336	/	7.777777778	0	27.77777778
Ithct9	918928.9343	6951228.635	/	2.962962963	0	3.703703704
Ithct10	920455.6744	6954010.902	/	8.888888889	0	28.88888889
Ithct11	922835.875	6953823.479	/	3.333333333	0	23.88888889
Ithct12	921717.4111	6950057.666	/	2.222222222	1.111111111	11.11111111
Ithct13	921593.1842	6948321.378	/	1.111111111	0	10.55555556
Ithct14	921347.4087	6945444.081	/	1.481481481	0.740740741	7.407407407
Ithct15	923798.3897	6947031.041	/	4.651162791	0	34.10852713
Ithct16	924847.152	6949029.641	/	11.11111111	0	30
Ithct17	926125.3129	6954282.71	/	1.481481481	0	4.444444444
Ithct18	925160.7791	6945746.266	/	0	0	68.88888889
Ithct19	927841.6399	6947232.311	/	1.481481481	0	8.148148148
Ithct20	929301.6375	6944563.874	/	1.481481481	0	14.81481481
Ithct21	931221.9776	6955540.83	/	26.66666667	0	6.666666667
Ithct22	932564.5752	6954972.522	/	8.888888889	0	6.666666667
Ithct23	934813.9423	6955246.231	/	0.740740741	0	10.37037037
Ithct24	932560.53	6952584.191	/	6.111111111	0	3.333333333
Ithct25	935230.7921	6953198.389	/	4.444444444	0	8.148148148
Ithct26	931949.7289	6950183.954	/	3.333333333	0	14.44444444
Ithct27	934135.5733	6949557.793	/	2.962962963	0	14.81481481
Ithct28	932079.3328	6947599.821	/	3.333333333	0	6.666666667
Ithct29	924377.8059	6951374.18	/	1.481481481	0	12.59259259
Ithct30	926519.2949	6950488.847	/	0	0	2.222222222
Khact2	115265.8189	7193309.844	/	0	0	3.174603175
Khact3	116462.2872	7197024.054	/	0	0	6.666666667
Khact4	118888.5141	7197066.204	/	0	0	4.444444444
Khact5	120901.3549	7195805.681	/	0	0	2.962962963
Khact6	118296.2035	7194575.775	/	0	0	4.444444444
Khact7	123867.0894	7198626.391	/	0.740740741	3.703703704	2.962962963
Khact8	124020.968	7193111.045	/	1.111111111	0	6.666666667
Khact9	119274.5107	7192261.861	/	0	0.740740741	2.962962963
Khact10	121271.8375	7189344.107	/	0	0.740740741	12.59259259
Khact11	128260.3159	7182704.768	/	2.222222222	2.222222222	11.11111111
Khact12	131981.6027	7181421.518	/	0	0	4.444444444
Khact13	128419.8444	7179859.565	/	0	0	2.777777778
Khact14	129644.7831	7186614.641	/	1.111111111	0	4.444444444
Khact15	124689.3964	7178733.48	/	0	1.111111111	21.11111111
Khact16	119012.7498	7177795.141	/	2.222222222	2.222222222	5.925925926
Khact17	126771.478	7186126.721	/	0.854700855	0.854700855	3.418803419
Khact19	127444.9071	7175218.403	/	0	2.222222222	28.88888889
Khact20	120036.4876	7172863.522	/	3.333333333	7.777777778	7.777777778
Khact21	130288.371	7171459.051	/	0	0	17.03703704
Khact23	135030.2993	7169989.526	/	0	1.111111111	3.333333333
Khact24	127396.9237	7168352.484	/	0	1.481481481	2.962962963
Khact25	130299.4341	7165869.973	/	0	0	3.703703704
Khact26	127000.6573	7165715.829	/	0	5.555555556	4.444444444
Khact27	123548.5266	7167780.471	/	0	1.111111111	12.22222222
Khact28	124589.6198	7163452.994	/	0.740740741	0.740740741	2.962962963
Khact29	125718.3421	7167438.76	/	0	0.81300813	3.25203252
Khact30	124724.9882	7173374.519	/	1.481481481	0.740740741	2.962962963
Khact31	108296.1789	7165765.839	/	0	1.111111111	5.555555556
Khact32	118197.8451	7158041.549	/	0	0	4.444444444
Khact33	114504.2033	7166636.226	/	0	0	2.777777778
Khact34	109217.1958	7159980.121	/	0	0	3.703703704
Khact35	118664.8601	7161116.987	/	0	0	2.962962963
Khact36	115874.0567	7163190.857	/	0	0	7.407407407
Khact37	105957.0058	7168099.933	/	0	0.740740741	2.962962963
Khact38	108295.6847	7163388.304	/	1.481481481	0	2.962962963
Khact39	120908.6028	7159884.931	/	0	0.740740741	2.962962963
Khact40	107269.7323	7156828.076	/	0	0	3.703703704
Kpgct1	948525.0088	6933766.548	/	2.702702703	0	2.702702703
Kpgct2	962032.0253	6937577.616	/	1.136363636	0	5.681818182
Kpgct3	956025.4385	6934141.071	/	1.136363636	0	15.90909091
Kpgct4	951578.2826	6933139.051	/	11.9047619	0	22.61904762
Kpgct5	951648.8941	6934427.702	/	3.03030303	0.757575758	12.87878788
Kpgct6	963487.1875	6939470.669	/	2.272727273	0	14.77272727
Kpgct7	960965.2412	6939685.217	/	0	1.136363636	6.818181818
Kpgct8	961405.5124	6941114.482	/	0	0	6.818181818
Kpgct9	966094.1517	6940235.989	/	1.136363636	1.136363636	5.681818182
Kpgct10	965892.05	6938446.471	/	1.515151515	0	4.545454545
Kpgct11	949040.4893	6937197.823	/	11.9047619	1.19047619	8.333333333
Kpgct12	952146.8396	6936802.848	/	7.142857143	0	2.380952381
Kpgct13	958717.0709	6938359.714	/	6.060606061	0	7.575757576
Kpgct14	960653.3288	6936386.191	/	0.757575758	0	5.303030303
Kpgct15	958371.7212	6935524.319	/	0	0	5.681818182
Kpgct16	960138.361	6933737.235	/	2.272727273	0	13.63636364
Kpgct17	955988.3558	6939547.888	/	1.136363636	0	12.5
Kpgct18	953206.9903	6935314.338	/	3.409090909	1.136363636	23.86363636
Kpgct19	949683.0794	6935059.469	/	2.272727273	0	6.060606061
Kpgct20	950304.9538	6933465.193	/	0	2.272727273	9.090909091
Kpgct21	955260.3034	6936307.882	/	12.12121212	2.272727273	4.545454545
Kpgct22	953385.4524	6938193.664	/	6.060606061	1.515151515	6.818181818
Kpgct23	950916.0039	6937859.712	/	5.303030303	0.757575758	6.818181818
Kpgct24	947607.7982	6938937.336	/	9.090909091	0	4.545454545
Kpgct25	958005.3194	6933364.312	/	0	0	10.22727273
Kpgct26	958174.5984	6931186.344	/	0	0	9.090909091
Kpgct27	955806.8534	6931478.766	/	0	0	4.166666667
Kpgct28	953134.5695	6931963.208	/	11.36363636	1.136363636	6.818181818
Kpgct29	954217.6406	6933435.25	/	10.22727273	2.272727273	5.681818182
Kpgct30	949804.4501	6940437.703	/	0.757575758	0	4.545454545
Kpgct31	968507.3904	6940459.172	/	1.515151515	0	6.818181818
Kpgct32	957409.967	6941151.616	/	3.787878788	0	4.545454545
Kpgct33	954338.1503	6941230.865	/	2.272727273	0	6.818181818
Kpgct44	957895.254	6929682.095	/	0.757575758	0	11.36363636
Kwact1	453387.8052	6341250.637	/	1.030927835	0	5.154639175
Kwact2	451725.7234	6340024.267	/	0	0	3.883495146
Kwact3	455478.6977	6341314.942	/	0	0	7.936507937
Kwact4	456971.2814	6340376.531	/	0	0	8.333333333
Kwact5	459147.2644	6341034.466	/	0	0	3.947368421
Kwact6	461524.6422	6339954.257	/	0	0	4.109589041
Kwact7	460980.5932	6338110.543	/	10.29411765	0	16.17647059
Kwact8	459282.4579	6338015.59	/	0	0	7.407407407
Kwact9	458142.8573	6338929.778	/	2.43902439	0	24.3902439
Kwact10	456089.5707	6337639.267	/	1.298701299	0	3.896103896
Kwact11	455587.1026	6338954.439	/	0	0	2.830188679
Kwact12	453569.2035	6337161.927	/	10.18518519	0	5.555555556
Kwact13	451696.2671	6337426.58	/	4.62962963	0	2.777777778
Kwact14	453232.3048	6335574.764	/	0	0	9.589041096
Kwact15	455657.1282	6336647.576	/	0	0	3.658536585
Kwact16	457859.6522	6335758.877	/	0	0	5.555555556
Kwact17	460482.6865	6335927.22	/	3.191489362	0	19.14893617
Kwact18	462369.6591	6335182.889	/	0	0	8.450704225
Kwact19	461141.365	6334411.818	/	0	0	4.761904762
Kwact20	458814.062	6334309.896	/	0.934579439	0	3.738317757
Kwact21	455031.322	6334670.135	/	0	0	9.677419355
Kwact22	455830.213	6332995.208	/	0	0	3.636363636
Kwact23	453107.9005	6331902.995	/	0	0	7.692307692
Kwact24	450742.7313	6334920.686	/	0	0	2.739726027
Kwact25	449676.5834	6332791.668	/	2.53164557	0	6.329113924
Kwact26	452293.6441	6330513.48	/	0	0	8.571428571
Kwact27	455247.5388	6331382.86	/	0	0	4.347826087
Kwact28	457540.6738	6330296.694	/	0	0	5.633802817
Kwact29	454513.8297	6329654.585	/	0	0	6.52173913
Kwact30	454104.0339	6327183.71	/	0	0	7.042253521
Kwact31	452780.5952	6328531.377	/	0	0	9.174311927
Kwact32	450658.8009	6328595.306	/	0	0	3.636363636
Kwact33	458092.4152	6337051.711	/	3.50877193	0	7.01754386
Kwact34	457458.1611	6339828.025	/	4.494382022	0	2.247191011
Kwact35	448872.9303	6328153.224	/	0	0	4.494382022
Kwact36	449551.0996	6326649.429	/	0	0	4.210526316
Kwact37	451089.1962	6326288.29	/	0	0	4.166666667
Kwact38	452491.2799	6327019.468	/	0	0	7.142857143
Kwact39	453235.6464	6333863.784	/	0	0	2.631578947
Kwact40	458728.5472	6331991.702	/	0	0	8.695652174
Lapct1	635848.9915	7355355.001	/	0	0	2.127659574
Lapct2	636530.3795	7353978.326	/	0.943396226	0	7.547169811
Lapct3	641754.5757	7357696.109	/	0	0	5.660377358
Lapct4	638970.737	7352519.922	/	0.943396226	0	5.660377358
Lapct5	641805.0552	7354861.306	/	0	0	17.64705882
Lapct6	635955.4384	7374446.612	/	5.769230769	0	2.884615385
Lapct7	628118.4342	7354662.032	/	15.38461538	0	5.769230769
Lapct8	628793.6385	7357181.53	/	3.846153846	0	5.769230769
Lapct9	631508.7878	7354371.414	/	2.222222222	0	2.222222222
Lapct10	624472.8334	7357714.637	/	3.846153846	0	4.807692308
Lapct11	629934.599	7370569.267	/	0	0	2.083333333
Lapct12	633777.39	7367760.352	/	0	0	2.884615385
Lapct13	639769.0787	7374734.066	/	0	0	11.66666667
Lapct14	636202.2133	7376169.851	/	0.961538462	0	2.884615385
Lapct15	632694.3154	7371383.979	/	4.807692308	0	3.846153846
Lapct16	637653.8428	7368062.518	/	0	0	2.884615385
Lapct17	640752.1117	7371115.238	/	3.846153846	0	5.769230769
Lapct18	634009.771	7369669.798	/	1.923076923	0	5.769230769
Lapct19	630720.1378	7366054.796	/	1.923076923	0	3.846153846
Lapct20	631662.6145	7363723.366	/	0	0	4.807692308
Lapct21	630260.2568	7362713.962	/	1.923076923	0	4.807692308
Lapct22	634388.9176	7361260.283	/	4.444444444	0	2.222222222
Lapct23	633787.4114	7359617.271	/	1.960784314	0	3.921568627
Lapct25	635602.1109	7365569.069	/	1.923076923	0	5.769230769
Lapct26	638330.1166	7364650.074	/	0	0	10
Lapct27	638026.5342	7357361.106	/	2.040816327	0	13.26530612
Lapct28	632103.0642	7358426.951	/	2.083333333	0	5.208333333
Lapct29	624333.5465	7368939.792	/	0	0	4.901960784
Lapct30	628431.6508	7369156.152	/	2.941176471	0	2.941176471
Lapct31	627245.934	7366972.253	/	0	0	2.941176471
Lapct32	621390.6353	7363031.913	/	0	0	3.846153846
Lapct33	620426.2609	7360228.638	/	1.923076923	0	3.846153846
Lapct34	623820.2178	7363272.947	/	0	0	4.807692308
Lapct35	627061.4186	7362074.283	/	6.730769231	0	5.769230769
Lapct36	626687.8935	7358756.419	/	0	0	3.125
Lapct37	623580.0954	7359892.33	/	0.961538462	0	12.5
Lapct38	623833.3686	7365710.033	/	0	0	6.730769231
Lapct39	630368.2064	7360400.966	/	0.961538462	0	9.615384615
Lapct40	635660.5714	7372023.828	/	1.923076923	0	3.846153846
Losct1	729218.4301	7192057.664	/	3.535353535	0	2.525252525
Losct2	731842.7846	7190567.528	/	7.5	0	9.166666667
Losct3	733721.9297	7191002.666	/	1.694915254	0	5.084745763
Losct4	730289.9749	7189134.683	/	12.06896552	0	5.172413793
Losct5	734088.2997	7189378.229	/	0	0	5.952380952
Losct6	735040.3076	7186599.792	/	1	0	14
Losct7	736368.0612	7188039.404	/	0	0	46.77419355
Losct8	736887.0058	7186473.114	/	1.666666667	0	4.166666667
Losct9	733188.3652	7187873.353	/	1.612903226	0	4.301075269
Losct10	731559.3234	7186915.21	/	11.53846154	0	4.807692308
Losct11	730582.4897	7185126.706	/	2.614379085	0	2.614379085
Losct12	729515.8605	7186602.329	/	1.515151515	0	1.515151515
Losct13	726794.7356	7185070.503	/	1.111111111	0	2.222222222
Losct14	728109.1976	7182954.772	/	0.900900901	0	3.603603604
Losct15	725425.1527	7183155.348	/	0	0	2.222222222
Losct16	725528.0562	7181259.689	/	2.678571429	0	2.678571429
Losct17	723348.6663	7182503.043	/	0.564971751	0	1.694915254
Losct18	727485.149	7179625.195	/	4.320987654	0	19.75308642
Losct19	724846.5854	7178781.013	/	0.847457627	0	25
Losct20	726660.0477	7177651.049	/	0.476190476	0	1.904761905
Losct21	729890.7798	7181176.626	/	0	0	5.263157895
Losct22	731861.1545	7183358.052	/	0	0	1.19047619
Losct23	724551.6329	7176730.244	/	5.737704918	0	9.016393443
Losct24	722410.61	7176791.534	/	5.084745763	0	12.71186441
Losct25	720198.4987	7177298.031	/	0	0	1.904761905
Losct26	718484.1329	7176639.1	/	0.943396226	0	3.773584906
Losct27	723609.7813	7179403.498	/	1.666666667	0	1.111111111
Losct28	728240.2808	7190249.071	/	2.727272727	0	2.727272727
Losct29	730884.6844	7194105.987	/	3.225806452	0	4.838709677
Losct30	726958.2999	7186827.578	/	2.222222222	0	2.222222222
Losct31	727352.3781	7176254.007	/	5.847953216	0	7.602339181
Losct32	720993.0307	7181136.946	/	3.8647343	0	1.449275362
Losct33	719585.4624	7174692.828	/	0	0	2.339181287
Losct34	719978.4024	7179202.17	/	0.966183575	0	2.415458937
Madct1	440760.8077	7267688.547	/	2.666666667	6.666666667	10.66666667
Madct6	438788.2177	7265411.11	/	0	0	5.319148936
Madct7	418797.3719	7264068.119	/	0	0	2.564102564
Madct8	420768.1989	7268185.583	/	0	1.282051282	6.41025641
Madct9	421743.7662	7266152.501	/	0	1.538461538	9.230769231
Madct10	421389.5197	7263341.154	/	0	0	14.47368421
Madct11	421971.077	7264046.503	/	2.222222222	7.777777778	6.666666667
Madct12	420048.3191	7260232.877	/	1.282051282	2.564102564	20.51282051
Madct13	420979.3089	7258675.75	/	0	2.173913043	3.260869565
Madct14	422652.9773	7255688.719	/	0	3.846153846	12.82051282
Madct15	421323.8915	7253029.072	/	0	2.5	15
Madct16	424278.7018	7251367.975	/	0	0	8.791208791
Madct17	427334.1669	7251553.858	/	0	8.791208791	6.593406593
Madct18	428539.2733	7252586.674	/	0	4.819277108	6.024096386
Madct19	424584.9094	7252649.76	/	0	0	7.446808511
Madct20	424656.9316	7255188.21	/	0	2.173913043	5.434782609
Madct21	428887.9556	7255708.973	/	0	1.449275362	10.14492754
Madct22	431098.5413	7253447.931	/	1.5625	4.6875	6.25
Madct23	432241.6048	7251567.799	/	1.063829787	13.82978723	6.382978723
Madct24	434497.0235	7251945.237	/	0	2.127659574	5.319148936
Madct25	417057.5904	7262762.194	/	0	1.388888889	4.166666667
Madct26	437099.9355	7267252.754	/	0	0	4.819277108
Madct27	435564.1774	7255154.881	/	0	1.063829787	5.319148936
Madct28	432916.0074	7256040.305	/	0	2.43902439	6.097560976
Madct29	437696.1053	7263345.537	/	1.063829787	1.063829787	3.191489362
Madct30	432270.8427	7261674.569	/	0	0	5.555555556
Madct31	430019.5644	7261171.707	/	0	0	5.681818182
Madct32	428219.4201	7262218.879	/	0	2.150537634	4.301075269
Madct33	426563.9532	7263391.72	/	0	1.063829787	20.21276596
Madct34	430303.3002	7269691.794	/	0	1.063829787	3.191489362
Madct35	428974.2361	7264885.905	/	0	1.063829787	3.191489362
Madct36	432588.2738	7265633.69	/	1.136363636	7.954545455	3.409090909
Madct37	433768.8069	7262630.797	/	0	4.255319149	3.191489362
Madct38	428779.2395	7266814.977	/	0	4.838709677	9.677419355
Madct39	432506.2595	7268352.865	/	0	4.166666667	8.333333333
Madct40	434226.3394	7265938.324	/	0	4.545454545	27.27272727
Pilct1	504868.2476	7207892.53	/	1.219512195	0	4.268292683
Pilct2	506870.7568	7210712.008	/	3.333333333	0	4.444444444
Pilct3	502543.5126	7211214.02	/	3.703703704	0	4.444444444
Pilct4	502316.5552	7209414.667	/	0.740740741	0	3.703703704
Pilct5	500076.5456	7209161.289	/	0	0	2.325581395
Pilct6	499112.8227	7206913.396	/	2.222222222	0	3.888888889
Pilct7	496984.0784	7206560.959	/	0	0	5.813953488
Pilct8	500314.1054	7203376.621	/	0	0	4.444444444
Pilct9	502625.8785	7204812.574	/	0	0	4.444444444
Pilct10	505143.829	7204300.265	/	0	0	8.888888889
Pilct11	503891.3882	7200946.581	/	2.222222222	0	5.925925926
Pilct12	505665.0758	7206023.056	/	0.740740741	0	7.407407407
Pilct13	507849.3241	7206336.445	/	1.481481481	0	7.407407407
Pilct14	518174.0781	7202795.226	/	0	0	6.666666667
Pilct15	508116.4105	7208413.628	/	2.222222222	0	8.888888889
Pilct16	509677.3129	7211034.739	/	0	0	5.555555556
Pilct17	512589.3339	7213049.881	/	0	0	4.06504065
Pilct18	516467.7339	7211918.473	/	0	0	3.255813953
Pilct19	515012.6999	7211589.074	/	2.777777778	0	6.111111111
Pilct20	519918.804	7211064.522	/	8.148148148	0	12.59259259
Pilct21	522151.2745	7209973.661	/	0.555555556	0	4.444444444
Pilct22	522285.5124	7208304.695	/	0.740740741	0	3.703703704
Pilct23	520007.3524	7207591.814	/	2.222222222	0	6.666666667
Pilct24	519792.4835	7205967.676	/	1.515151515	0	4.545454545
Pilct25	518699.2658	7207661.232	/	0	0	5.555555556
Pilct26	517333.768	7205377.523	/	0	0	7.777777778
Pilct27	515917.6315	7209289.238	/	2.222222222	0	8.888888889
Pilct28	515191.2329	7207305.745	/	0	0	3.888888889
Pilct29	513771.9277	7204956.408	/	0.740740741	0	5.925925926
Pilct30	513209.2367	7208201.438	/	3.333333333	0	13.33333333
Pilct31	510897.0472	7208369.596	/	3.703703704	0	11.11111111
Pilct32	510658.7435	7206301.302	/	1.111111111	0	5.555555556
Pilct33	512877.4633	7203517.76	/	1.111111111	0	4.444444444
Pilct34	509055.0057	7202334.913	/	3.888888889	0	7.777777778
Pilct35	510711.6666	7200661.627	/	8.888888889	0	5.925925926
Pilct36	505810.9949	7201138.567	/	1.111111111	0	12.22222222
Pilct37	504918.5715	7199515.572	/	0.740740741	0	5.185185185
Pilct38	504710.6996	7197967.591	/	0.740740741	0	3.703703704
Pilct39	516128.8576	7203142.205	/	2.962962963	0	8.888888889
Pilct40	510888.494	7199012.664	/	0	0	5.303030303
Sonct1	890519.3473	7115882.63	/	0	0	82.22222222
Sonct2	892597.2754	7114711.352	/	0	0	31.11111111
Sonct3	895486.425	7114674.046	/	0	0	18.88888889
Sonct4	899048.3696	7116070.932	/	0	0	8.823529412
Sonct5	891711.1548	7117498.654	/	0	0	22.22222222
Sonct6	893902.7885	7116930.991	/	0	0	73.33333333
Sonct7	897067.6333	7115551.852	/	0	0	64.44444444
Sonct8	894490.1021	7117679.212	/	0	0	11.11111111
Sonct9	896352.3929	7117497.395	/	0	0	8.148148148
Sonct10	895485.5709	7119183.248	/	0	0	11.11111111
Sonct11	893971.3713	7118839.345	/	0	0	4.268292683
Sonct12	892317.5561	7117884.509	/	0	0	19.25925926
Sonct13	892946.6216	7120725.09	/	0	0	14.07407407
Sonct14	892071.7453	7123571.941	/	0	0	7.777777778
Sonct15	896184.048	7120846.103	/	0	0	4.444444444
Sonct16	898501.2237	7120067.448	/	0	0	6.201550388
Sonct17	900131.3996	7121468.618	/	1.111111111	0	6.666666667
Sonct18	899667.0059	7113836.152	/	0	0	232.4074074
Sonct19	906296.8687	7118266.538	/	0	0	136.3636364
Sonct20	905358.1322	7120219.701	/	0	0	29.05405405
Sonct21	901362.4292	7123063.95	/	0	0	2.962962963
Sonct22	895879.3757	7122184.1	/	0	0	6.666666667
Sonct23	897138.2473	7118302.775	/	0	0	3.846153846
Sonct24	903242.1033	7119609.021	/	0	0	25
Sonct25	901320.4942	7121271.222	/	0	0	5.555555556
Sonct26	899581.5471	7116711.828	/	0	0	7.777777778
Sonct27	892571.0706	7121717.645	/	0	0	18.88888889
Venct1	731905.7861	7534701.04	/	7.5	1.25	8.75
Venct2	733028.6545	7534089.399	/	0	0	8.163265306
Venct3	736548.6345	7536209.772	/	0	2.040816327	9.183673469
Venct4	739261.8236	7534483.35	/	6.12244898	1.020408163	13.26530612
Venct5	743078.4497	7534265.786	/	0	0.680272109	12.24489796
Venct6	741836.1834	7532616.744	/	2.040816327	6.12244898	11.2244898
Venct7	739628.7961	7532604.387	/	0	2.040816327	7.142857143
Venct8	736875.157	7533070.862	/	7.142857143	1.020408163	8.163265306
Venct9	729283.9572	7531899.64	/	3.06122449	1.020408163	4.081632653
Venct10	732487.684	7530729.89	/	1.020408163	0	8.163265306
Venct11	729665.8432	7529074.791	/	1.020408163	0	8.163265306
Venct12	732562.9103	7530728.764	/	0.680272109	0.680272109	7.482993197
Venct13	735100.8514	7529860.836	/	0	3.06122449	6.12244898
Venct14	738739.4826	7530345.944	/	6.12244898	1.020408163	7.142857143
Venct15	741792.0045	7529909.881	/	1.020408163	1.020408163	7.142857143
Venct16	741277.8364	7527931.529	/	1.020408163	0	8.163265306
Venct17	737945.8666	7528802.757	/	0	2.040816327	10.20408163
Venct18	734088.194	7527570.841	/	0	0	4.385964912
Venct19	731334.1701	7527884.658	/	0	1.020408163	6.12244898
Venct20	728224.0424	7526692.26	/	2.040816327	5.102040816	10.20408163
Venct21	732987.837	7525735.204	/	2.040816327	0.680272109	6.802721088
Venct22	736081.8967	7526326.486	/	0	2.040816327	11.2244898
Venct23	737533.4838	7525295.103	/	6.12244898	1.020408163	7.142857143
Venct24	739734.3446	7527220.963	/	9.183673469	0	13.26530612
Venct25	743282.6074	7526170.871	/	1.020408163	1.020408163	7.142857143
Venct26	742299.2987	7524114.593	/	0	1.020408163	7.142857143
Venct27	739694.5949	7523584.58	/	7.142857143	0	8.163265306
Venct28	734728.3084	7524518.074	/	0	0.680272109	6.12244898
Venct29	728672.8626	7523659.289	/	2.040816327	1.020408163	8.163265306
Venct30	732072.5845	7523722.82	/	1.020408163	4.081632653	12.24489796
Venct31	735431.992	7522414.768	/	0	2.040816327	8.163265306
Venct32	741091.6652	7522192.496	/	2.325581395	0	6.201550388
Venct33	743831.2926	7522336.81	/	1.020408163	2.040816327	8.163265306
Venct35	731779.9606	7520900.167	/	0	0	12.24489796
Venct36	737847.5135	7520986.421	/	0	5.102040816	7.142857143
Venct37	741152.8958	7519379.832	/	13.26530612	0	20.40816327
Venct38	743693.6233	7517785.651	/	0	1.020408163	7.142857143
Venct39	734750.4453	7516475.136	/	1.360544218	0	4.761904762
Venct40	733315.8021	7513197.875	/	0	0	6.12244898
Welct1	576823.2671	7316450.014	/	0	3.571428571	14.28571429
Welct2	589892.5223	7320341.624	/	0	0	14.1025641
Welct3	587966.7967	7319286.268	/	1.162790698	0	6.976744186
Welct4	585786.4502	7317882.298	/	3.488372093	0	12.79069767
Welct5	583857.0563	7317810.808	/	2.325581395	1.162790698	10.46511628
Welct6	579977.5911	7322624.44	/	1.136363636	0	7.954545455
Welct7	580076.2008	7318327.648	/	1.219512195	1.219512195	9.756097561
Welct8	581675.5281	7313628.045	/	2.5	0	17.5
Welct9	583557.1964	7314654.583	/	1.25	0	10
Welct10	586531.7221	7314574.686	/	1.25	0	26.25
Welct11	588614.4965	7314405.657	/	1.428571429	0	12.85714286
Welct12	590120.8844	7312035.341	/	12.5	0	4.6875
Welct13	588289.5249	7312916.145	/	6.097560976	2.43902439	6.097560976
Welct14	584281.7849	7312249.661	/	0	1.515151515	15.15151515
Welct15	577789.232	7310838.576	/	2.43902439	0	7.317073171
Welct16	580537.2209	7312459.743	/	1.666666667	3.333333333	13.33333333
Welct17	579662.1667	7309895.795	/	1.25	0	6.25
Welct18	581740.2696	7310434.238	/	0	1.219512195	7.317073171
Welct19	583572.185	7309811.174	/	0	1.612903226	12.90322581
Welct20	585719.6118	7310877.918	/	1.612903226	1.612903226	20.96774194
Welct21	588945.7828	7309793.833	/	6.451612903	1.612903226	11.29032258
Welct22	590049.7809	7310592.96	/	7.142857143	0	14.28571429
Welct23	591619.2469	7310071.278	/	1.785714286	0	8.928571429
Welct24	586047.278	7308199.561	/	3.225806452	0	11.29032258
Welct25	581302.8269	7307950.885	/	0	0	7.142857143
Welct26	574469.4201	7320932.627	/	0	5.172413793	12.06896552
Welct27	581451.589	7305779.721	/	0	0	56.25
Welct28	583977.1516	7306593.159	/	0	0	6.25
Welct29	577143.4288	7319691.475	/	0	5.172413793	8.620689655
Welct30	590268.1277	7322398.824	/	4.545454545	0	13.63636364
Welct31	582398.6521	7304331.397	/	7.142857143	0	8.928571429
Welct32	579857.9162	7316527.334	/	0	3.448275862	8.620689655
Welct33	573457.7018	7318907.187	/	0	6.25	16.66666667
Welct34	584927.9382	7316762.462	/	1.785714286	0	19.64285714
Welct35	588056.3394	7315725.732	/	0	0	18.18181818
Welct36	590948.0339	7316461.519	/	1.515151515	0	9.090909091
Welct37	580477.2942	7320305.191	/	2.777777778	0	11.11111111
Welct38	582623.6968	7319926.331	/	4.761904762	4.761904762	9.523809524
Welct39	584109.6591	7320343.897	/	6.060606061	1.515151515	6.060606061
Welct40	588570.6245	7320861.518	/	1.612903226	0	22.58064516
Wonct1	670435.4529	7425210.554	/	0	0	0
Wonct2	664738.6415	7430192.246	/	0.757575758	0	2.272727273
Wonct3	662508.3292	7431870.105	/	0	0	5.263157895
Wonct4	665120.014	7432927.915	/	2.127659574	0	2.127659574
Wonct5	666576.8932	7430480.578	/	3.921568627	0	4.901960784
Wonct6	667879.6111	7431639.968	/	2	0	5
Wonct7	669702.2915	7432233.979	/	1.960784314	0	4.901960784
Wonct8	669395.6838	7430034.689	/	1.020408163	0	4.081632653
Wonct9	667700.8686	7433206.817	/	0	0	3.401360544
Wonct10	671225.0601	7431491.13	/	3.260869565	0	6.52173913
Wonct11	669738.7204	7422890.686	/	0	0	4.081632653
Wonct12	671812.8955	7428500.58	/	0	0	16.66666667
Wonct13	673347.3129	7426858.081	/	0	0	3.968253968
Wonct14	670203.426	7427184.718	/	0	0	12.5
Wonct15	671007.9945	7421808.474	/	0	0	4.964539007
Wonct16	668706.0044	7424456.356	/	0	0	4.901960784
Wonct17	666156.9023	7419851.257	/	0	0	9.150326797
Wonct18	670496.0801	7420068.892	/	1.333333333	0	4.666666667
Wonct19	669981.8378	7415744.36	/	1.960784314	0	6.862745098
Wonct20	669215.9347	7413411.968	/	0	0	5.319148936
Wonct21	667702.4988	7413921.017	/	1.041666667	0	8.333333333
Wonct22	665956.0381	7418449.209	/	0	0	5.882352941
Wonct23	666276.8041	7416324.778	/	0	0	7.142857143
Wonct24	664438.1638	7415407.473	/	0	0	6.944444444
Wonct25	663027.7787	7413605.646	/	0	0	6.25
Wonct26	665135.6216	7414315.408	/	3.418803419	0	4.273504274
Wonct27	660942.3831	7413806.824	/	0	0	10.71428571
Wonct28	660865.0596	7411973.739	/	0	0	8.536585366
Wonct29	661999.207	7411459.638	/	6.862745098	0	4.901960784
Wonct30	664172.3434	7412374.752	/	0	0	6.41025641
Wonct31	665907.2979	7412654.236	/	0.980392157	0	6.862745098
Wonct32	665483.5068	7410701.03	/	0	0	2.702702703
Wonct33	667693.2263	7419409.755	/	0	0	7.142857143
Wonct34	667914.5663	7411634.883	/	0	0	7.843137255
Wonct35	666903.0492	7422357.005	/	0.757575758	0	2.272727273
Wonct36	668863.9975	7417695.317	/	3	0	6
Wonct37	667786.3686	7415724.052	/	0	0	4
Zinct1	665851.8417	7480092.126	/	0	0	10.07751938
Zinct2	664744.0617	7482334.454	/	0	0	8.139534884
Zinct3	670043.5199	7468348.855	/	0	0	27.5
Zinct4	657129.5858	7463647.166	/	0.740740741	0	5.185185185
Zinct5	665505.7358	7470963.285	/	0	0	41.11111111
Zinct6	669880.2228	7473013.336	/	0.793650794	0	8.73015873
Zinct7	660427.6718	7473465.164	/	5.555555556	0	12.22222222
Zinct8	661591.9347	7470788.467	/	0	0	11.62790698
Zinct9	657404.4852	7472175.952	/	0	0	5.426356589
Zinct10	667783.2517	7471404.793	/	2.222222222	1.111111111	11.11111111
Zinct11	661336.1158	7475235.45	/	14.44444444	0	4.444444444
Zinct12	664104.5782	7473706.266	/	0	0	18.51851852
Zinct13	659559.6869	7468220.511	/	0.740740741	0	2.962962963
Zinct14	667431.4205	7476021.414	/	0.740740741	0	6.666666667
Zinct15	667769.2073	7473634.854	/	0	0	9.62962963
Zinct16	664767.5902	7478905.25	/	2.380952381	0	14.28571429
Zinct17	668280.0671	7482222.43	/	0	0	5.185185185
Zinct18	667181.3097	7468749.172	/	1.481481481	0	7.407407407
Zinct19	662378.3755	7460727.379	/	0	0	4.545454545
Zinct20	666552.572	7465157.044	/	1.481481481	0	21.48148148
Zinct21	669062.4944	7467133.685	/	0	0	15.85365854
Zinct22	664530.7305	7462308.056	/	2.43902439	0	7.317073171
Zinct23	656726.6798	7465522.525	/	1.111111111	0	4.444444444
Zinct24	668453.09	7479823.968	/	0.775193798	0	7.751937984
Zinct25	665044.6224	7477078.346	/	1.19047619	0	35.71428571
Zinct26	659494.4044	7471270.973	/	2.325581395	0	5.813953488
Zinct27	670162.8402	7475794.984	/	0.775193798	0	13.95348837
Zinct28	663039.1215	7463871.264	/	0	0	5.555555556
Zinct29	661675.1314	7478605.623	/	1.111111111	0	2.222222222
Zinct30	662597.872	7469626.323	/	2.222222222	0	7.407407407
Zinct31	663061.5344	7480251.183	/	0	0	16.21621622
Zinct32	669442.2517	7477652.973	/	0	0	5.426356589
Zinct33	665314.3502	7469195.749	/	3.603603604	0	9.009009009
Zinct34	663579.9005	7466740.996	/	0	0	17.77777778
Zinct35	666707.6178	7466705.096	/	5.555555556	0	11.11111111
Zinct36	660954.3412	7463987.442	/	2.380952381	0	7.142857143
Zinct37	659264.565	7465734.207	/	0.740740741	0	4.444444444
Zinct39	665495.0938	7474843.143	/	0	0	4.04040404
Zinct40	663004.2503	7471956.149	/	7.575757576	0	7.575757576
